(kicad_pcb (version 20171130) (host pcbnew "(5.0.2)-1")

  (general
    (thickness 1.6)
    (drawings 121)
    (tracks 0)
    (zones 0)
    (modules 115)
    (nets 41)
  )

  (page A4)
  (title_block
    (title "Eurorack power")
    (date 2019-01-12)
    (rev "Rev B")
    (company "Johansen Engineering")
  )

  (layers
    (0 F.Cu signal)
    (31 B.Cu signal)
    (32 B.Adhes user)
    (33 F.Adhes user)
    (34 B.Paste user)
    (35 F.Paste user)
    (36 B.SilkS user)
    (37 F.SilkS user)
    (38 B.Mask user)
    (39 F.Mask user)
    (40 Dwgs.User user)
    (41 Cmts.User user)
    (42 Eco1.User user)
    (43 Eco2.User user)
    (44 Edge.Cuts user)
    (45 Margin user)
    (46 B.CrtYd user)
    (47 F.CrtYd user)
    (48 B.Fab user)
    (49 F.Fab user)
  )

  (setup
    (last_trace_width 0.75)
    (trace_clearance 0.25)
    (zone_clearance 0.508)
    (zone_45_only no)
    (trace_min 0.2)
    (segment_width 0.2)
    (edge_width 1)
    (via_size 1)
    (via_drill 0.5)
    (via_min_size 0.4)
    (via_min_drill 0.3)
    (uvia_size 0.5)
    (uvia_drill 0.2)
    (uvias_allowed no)
    (uvia_min_size 0.2)
    (uvia_min_drill 0.1)
    (pcb_text_width 0.3)
    (pcb_text_size 1.5 1.5)
    (mod_edge_width 0.15)
    (mod_text_size 1 1)
    (mod_text_width 0.15)
    (pad_size 1.524 1.524)
    (pad_drill 0.762)
    (pad_to_mask_clearance 0.2)
    (solder_mask_min_width 0.25)
    (aux_axis_origin 0 0)
    (grid_origin 100 50)
    (visible_elements 7FFFFFFF)
    (pcbplotparams
      (layerselection 0x010fc_ffffffff)
      (usegerberextensions false)
      (usegerberattributes true)
      (usegerberadvancedattributes false)
      (creategerberjobfile false)
      (excludeedgelayer false)
      (linewidth 0.150000)
      (plotframeref false)
      (viasonmask false)
      (mode 1)
      (useauxorigin false)
      (hpglpennumber 1)
      (hpglpenspeed 20)
      (hpglpendiameter 15.000000)
      (psnegative false)
      (psa4output false)
      (plotreference true)
      (plotvalue true)
      (plotinvisibletext false)
      (padsonsilk false)
      (subtractmaskfromsilk false)
      (outputformat 1)
      (mirror false)
      (drillshape 0)
      (scaleselection 1)
      (outputdirectory "gerber"))
  )

  (net 0 "")
  (net 1 Vin-Pos19)
  (net 2 Vin-Neg19)
  (net 3 +12V)
  (net 4 GND)
  (net 5 +5V)
  (net 6 -12V)
  (net 7 +15V)
  (net 8 +7.5V)
  (net 9 VinGND)
  (net 10 Vin+15)
  (net 11 "Net-(C205-Pad1)")
  (net 12 "Net-(C208-Pad1)")
  (net 13 /VoltageRegulation/7V)
  (net 14 /VoltageRegulation/GND-7V)
  (net 15 Vin-15)
  (net 16 -15V)
  (net 17 "Net-(C213-Pad2)")
  (net 18 "Net-(C216-Pad2)")
  (net 19 "Net-(C217-Pad1)")
  (net 20 "Net-(C219-Pad1)")
  (net 21 "Net-(C220-Pad2)")
  (net 22 "Net-(D101-Pad4)")
  (net 23 "Net-(D101-Pad3)")
  (net 24 "Net-(D102-Pad1)")
  (net 25 "Net-(D103-Pad2)")
  (net 26 "Net-(D104-Pad1)")
  (net 27 "Net-(D105-Pad2)")
  (net 28 "Net-(D106-Pad1)")
  (net 29 DCDC+)
  (net 30 "Net-(D205-Pad2)")
  (net 31 "Net-(D206-Pad2)")
  (net 32 "Net-(F101-Pad1)")
  (net 33 "Net-(F102-Pad2)")
  (net 34 "Net-(F103-Pad1)")
  (net 35 Gate)
  (net 36 CV)
  (net 37 "Net-(Q202-Pad1)")
  (net 38 "Net-(R201-Pad1)")
  (net 39 "Net-(R206-Pad2)")
  (net 40 "Net-(J101-Pad1)")

  (net_class Default "This is the default net class."
    (clearance 0.25)
    (trace_width 0.75)
    (via_dia 1)
    (via_drill 0.5)
    (uvia_dia 0.5)
    (uvia_drill 0.2)
    (add_net +12V)
    (add_net +15V)
    (add_net +5V)
    (add_net +7.5V)
    (add_net -12V)
    (add_net -15V)
    (add_net /VoltageRegulation/7V)
    (add_net /VoltageRegulation/GND-7V)
    (add_net CV)
    (add_net DCDC+)
    (add_net GND)
    (add_net Gate)
    (add_net "Net-(C205-Pad1)")
    (add_net "Net-(C208-Pad1)")
    (add_net "Net-(C213-Pad2)")
    (add_net "Net-(C216-Pad2)")
    (add_net "Net-(C217-Pad1)")
    (add_net "Net-(C219-Pad1)")
    (add_net "Net-(C220-Pad2)")
    (add_net "Net-(D101-Pad3)")
    (add_net "Net-(D101-Pad4)")
    (add_net "Net-(D102-Pad1)")
    (add_net "Net-(D103-Pad2)")
    (add_net "Net-(D104-Pad1)")
    (add_net "Net-(D105-Pad2)")
    (add_net "Net-(D106-Pad1)")
    (add_net "Net-(D205-Pad2)")
    (add_net "Net-(D206-Pad2)")
    (add_net "Net-(F101-Pad1)")
    (add_net "Net-(F102-Pad2)")
    (add_net "Net-(F103-Pad1)")
    (add_net "Net-(J101-Pad1)")
    (add_net "Net-(Q202-Pad1)")
    (add_net "Net-(R201-Pad1)")
    (add_net "Net-(R206-Pad2)")
    (add_net Vin+15)
    (add_net Vin-15)
    (add_net Vin-Neg19)
    (add_net Vin-Pos19)
    (add_net VinGND)
  )

  (net_class Power ""
    (clearance 0.25)
    (trace_width 1)
    (via_dia 1.2)
    (via_drill 0.7)
    (uvia_dia 0.7)
    (uvia_drill 0.5)
  )

  (module MountingHole:MountingHole_3.2mm_M3_Pad_Via (layer F.Cu) (tedit 5C34FA80) (tstamp 5C678A03)
    (at 190 87)
    (descr "Mounting Hole 3.2mm, M3")
    (tags "mounting hole 3.2mm m3")
    (attr virtual)
    (fp_text reference REF** (at 0 -4.2) (layer F.Fab)
      (effects (font (size 1 1) (thickness 0.15)))
    )
    (fp_text value MountingHole_3.2mm_M3_Pad_Via (at 0 4.2) (layer F.Fab)
      (effects (font (size 1 1) (thickness 0.15)))
    )
    (fp_text user %R (at 0.3 0) (layer F.Fab) hide
      (effects (font (size 1 1) (thickness 0.15)))
    )
    (fp_circle (center 0 0) (end 3.2 0) (layer Cmts.User) (width 0.15))
    (fp_circle (center 0 0) (end 3.45 0) (layer F.CrtYd) (width 0.05))
    (pad 1 thru_hole circle (at 0 0) (size 6.4 6.4) (drill 3.2) (layers *.Cu *.Mask))
    (pad 1 thru_hole circle (at 2.4 0) (size 0.8 0.8) (drill 0.5) (layers *.Cu *.Mask))
    (pad 1 thru_hole circle (at 1.697056 1.697056) (size 0.8 0.8) (drill 0.5) (layers *.Cu *.Mask))
    (pad 1 thru_hole circle (at 0 2.4) (size 0.8 0.8) (drill 0.5) (layers *.Cu *.Mask))
    (pad 1 thru_hole circle (at -1.697056 1.697056) (size 0.8 0.8) (drill 0.5) (layers *.Cu *.Mask))
    (pad 1 thru_hole circle (at -2.4 0) (size 0.8 0.8) (drill 0.5) (layers *.Cu *.Mask))
    (pad 1 thru_hole circle (at -1.697056 -1.697056) (size 0.8 0.8) (drill 0.5) (layers *.Cu *.Mask))
    (pad 1 thru_hole circle (at 0 -2.4) (size 0.8 0.8) (drill 0.5) (layers *.Cu *.Mask))
    (pad 1 thru_hole circle (at 1.697056 -1.697056) (size 0.8 0.8) (drill 0.5) (layers *.Cu *.Mask))
  )

  (module MountingHole:MountingHole_3.2mm_M3_Pad_Via (layer F.Cu) (tedit 5C34FA80) (tstamp 5C6777DE)
    (at 130 88)
    (descr "Mounting Hole 3.2mm, M3")
    (tags "mounting hole 3.2mm m3")
    (attr virtual)
    (fp_text reference REF** (at 0 -4.2) (layer F.Fab)
      (effects (font (size 1 1) (thickness 0.15)))
    )
    (fp_text value MountingHole_3.2mm_M3_Pad_Via (at 0 4.2) (layer F.Fab)
      (effects (font (size 1 1) (thickness 0.15)))
    )
    (fp_circle (center 0 0) (end 3.45 0) (layer F.CrtYd) (width 0.05))
    (fp_circle (center 0 0) (end 3.2 0) (layer Cmts.User) (width 0.15))
    (fp_text user %R (at 0.3 0) (layer F.Fab) hide
      (effects (font (size 1 1) (thickness 0.15)))
    )
    (pad 1 thru_hole circle (at 1.697056 -1.697056) (size 0.8 0.8) (drill 0.5) (layers *.Cu *.Mask))
    (pad 1 thru_hole circle (at 0 -2.4) (size 0.8 0.8) (drill 0.5) (layers *.Cu *.Mask))
    (pad 1 thru_hole circle (at -1.697056 -1.697056) (size 0.8 0.8) (drill 0.5) (layers *.Cu *.Mask))
    (pad 1 thru_hole circle (at -2.4 0) (size 0.8 0.8) (drill 0.5) (layers *.Cu *.Mask))
    (pad 1 thru_hole circle (at -1.697056 1.697056) (size 0.8 0.8) (drill 0.5) (layers *.Cu *.Mask))
    (pad 1 thru_hole circle (at 0 2.4) (size 0.8 0.8) (drill 0.5) (layers *.Cu *.Mask))
    (pad 1 thru_hole circle (at 1.697056 1.697056) (size 0.8 0.8) (drill 0.5) (layers *.Cu *.Mask))
    (pad 1 thru_hole circle (at 2.4 0) (size 0.8 0.8) (drill 0.5) (layers *.Cu *.Mask))
    (pad 1 thru_hole circle (at 0 0) (size 6.4 6.4) (drill 3.2) (layers *.Cu *.Mask))
  )

  (module Capacitor_THT:CP_Radial_D10.0mm_P5.00mm (layer F.Cu) (tedit 5AE50EF1) (tstamp 5C7F0BD5)
    (at 275.25 165.7)
    (descr "CP, Radial series, Radial, pin pitch=5.00mm, , diameter=10mm, Electrolytic Capacitor")
    (tags "CP Radial series Radial pin pitch 5.00mm  diameter 10mm Electrolytic Capacitor")
    (path /5D664C51)
    (fp_text reference C101 (at 2.5 -6.25) (layer F.SilkS)
      (effects (font (size 1 1) (thickness 0.15)))
    )
    (fp_text value 100uF (at 2.5 6.25) (layer F.Fab)
      (effects (font (size 1 1) (thickness 0.15)))
    )
    (fp_circle (center 2.5 0) (end 7.5 0) (layer F.Fab) (width 0.1))
    (fp_circle (center 2.5 0) (end 7.62 0) (layer F.SilkS) (width 0.12))
    (fp_circle (center 2.5 0) (end 7.75 0) (layer F.CrtYd) (width 0.05))
    (fp_line (start -1.788861 -2.1875) (end -0.788861 -2.1875) (layer F.Fab) (width 0.1))
    (fp_line (start -1.288861 -2.6875) (end -1.288861 -1.6875) (layer F.Fab) (width 0.1))
    (fp_line (start 2.5 -5.08) (end 2.5 5.08) (layer F.SilkS) (width 0.12))
    (fp_line (start 2.54 -5.08) (end 2.54 5.08) (layer F.SilkS) (width 0.12))
    (fp_line (start 2.58 -5.08) (end 2.58 5.08) (layer F.SilkS) (width 0.12))
    (fp_line (start 2.62 -5.079) (end 2.62 5.079) (layer F.SilkS) (width 0.12))
    (fp_line (start 2.66 -5.078) (end 2.66 5.078) (layer F.SilkS) (width 0.12))
    (fp_line (start 2.7 -5.077) (end 2.7 5.077) (layer F.SilkS) (width 0.12))
    (fp_line (start 2.74 -5.075) (end 2.74 5.075) (layer F.SilkS) (width 0.12))
    (fp_line (start 2.78 -5.073) (end 2.78 5.073) (layer F.SilkS) (width 0.12))
    (fp_line (start 2.82 -5.07) (end 2.82 5.07) (layer F.SilkS) (width 0.12))
    (fp_line (start 2.86 -5.068) (end 2.86 5.068) (layer F.SilkS) (width 0.12))
    (fp_line (start 2.9 -5.065) (end 2.9 5.065) (layer F.SilkS) (width 0.12))
    (fp_line (start 2.94 -5.062) (end 2.94 5.062) (layer F.SilkS) (width 0.12))
    (fp_line (start 2.98 -5.058) (end 2.98 5.058) (layer F.SilkS) (width 0.12))
    (fp_line (start 3.02 -5.054) (end 3.02 5.054) (layer F.SilkS) (width 0.12))
    (fp_line (start 3.06 -5.05) (end 3.06 5.05) (layer F.SilkS) (width 0.12))
    (fp_line (start 3.1 -5.045) (end 3.1 5.045) (layer F.SilkS) (width 0.12))
    (fp_line (start 3.14 -5.04) (end 3.14 5.04) (layer F.SilkS) (width 0.12))
    (fp_line (start 3.18 -5.035) (end 3.18 5.035) (layer F.SilkS) (width 0.12))
    (fp_line (start 3.221 -5.03) (end 3.221 5.03) (layer F.SilkS) (width 0.12))
    (fp_line (start 3.261 -5.024) (end 3.261 5.024) (layer F.SilkS) (width 0.12))
    (fp_line (start 3.301 -5.018) (end 3.301 5.018) (layer F.SilkS) (width 0.12))
    (fp_line (start 3.341 -5.011) (end 3.341 5.011) (layer F.SilkS) (width 0.12))
    (fp_line (start 3.381 -5.004) (end 3.381 5.004) (layer F.SilkS) (width 0.12))
    (fp_line (start 3.421 -4.997) (end 3.421 4.997) (layer F.SilkS) (width 0.12))
    (fp_line (start 3.461 -4.99) (end 3.461 4.99) (layer F.SilkS) (width 0.12))
    (fp_line (start 3.501 -4.982) (end 3.501 4.982) (layer F.SilkS) (width 0.12))
    (fp_line (start 3.541 -4.974) (end 3.541 4.974) (layer F.SilkS) (width 0.12))
    (fp_line (start 3.581 -4.965) (end 3.581 4.965) (layer F.SilkS) (width 0.12))
    (fp_line (start 3.621 -4.956) (end 3.621 4.956) (layer F.SilkS) (width 0.12))
    (fp_line (start 3.661 -4.947) (end 3.661 4.947) (layer F.SilkS) (width 0.12))
    (fp_line (start 3.701 -4.938) (end 3.701 4.938) (layer F.SilkS) (width 0.12))
    (fp_line (start 3.741 -4.928) (end 3.741 4.928) (layer F.SilkS) (width 0.12))
    (fp_line (start 3.781 -4.918) (end 3.781 -1.241) (layer F.SilkS) (width 0.12))
    (fp_line (start 3.781 1.241) (end 3.781 4.918) (layer F.SilkS) (width 0.12))
    (fp_line (start 3.821 -4.907) (end 3.821 -1.241) (layer F.SilkS) (width 0.12))
    (fp_line (start 3.821 1.241) (end 3.821 4.907) (layer F.SilkS) (width 0.12))
    (fp_line (start 3.861 -4.897) (end 3.861 -1.241) (layer F.SilkS) (width 0.12))
    (fp_line (start 3.861 1.241) (end 3.861 4.897) (layer F.SilkS) (width 0.12))
    (fp_line (start 3.901 -4.885) (end 3.901 -1.241) (layer F.SilkS) (width 0.12))
    (fp_line (start 3.901 1.241) (end 3.901 4.885) (layer F.SilkS) (width 0.12))
    (fp_line (start 3.941 -4.874) (end 3.941 -1.241) (layer F.SilkS) (width 0.12))
    (fp_line (start 3.941 1.241) (end 3.941 4.874) (layer F.SilkS) (width 0.12))
    (fp_line (start 3.981 -4.862) (end 3.981 -1.241) (layer F.SilkS) (width 0.12))
    (fp_line (start 3.981 1.241) (end 3.981 4.862) (layer F.SilkS) (width 0.12))
    (fp_line (start 4.021 -4.85) (end 4.021 -1.241) (layer F.SilkS) (width 0.12))
    (fp_line (start 4.021 1.241) (end 4.021 4.85) (layer F.SilkS) (width 0.12))
    (fp_line (start 4.061 -4.837) (end 4.061 -1.241) (layer F.SilkS) (width 0.12))
    (fp_line (start 4.061 1.241) (end 4.061 4.837) (layer F.SilkS) (width 0.12))
    (fp_line (start 4.101 -4.824) (end 4.101 -1.241) (layer F.SilkS) (width 0.12))
    (fp_line (start 4.101 1.241) (end 4.101 4.824) (layer F.SilkS) (width 0.12))
    (fp_line (start 4.141 -4.811) (end 4.141 -1.241) (layer F.SilkS) (width 0.12))
    (fp_line (start 4.141 1.241) (end 4.141 4.811) (layer F.SilkS) (width 0.12))
    (fp_line (start 4.181 -4.797) (end 4.181 -1.241) (layer F.SilkS) (width 0.12))
    (fp_line (start 4.181 1.241) (end 4.181 4.797) (layer F.SilkS) (width 0.12))
    (fp_line (start 4.221 -4.783) (end 4.221 -1.241) (layer F.SilkS) (width 0.12))
    (fp_line (start 4.221 1.241) (end 4.221 4.783) (layer F.SilkS) (width 0.12))
    (fp_line (start 4.261 -4.768) (end 4.261 -1.241) (layer F.SilkS) (width 0.12))
    (fp_line (start 4.261 1.241) (end 4.261 4.768) (layer F.SilkS) (width 0.12))
    (fp_line (start 4.301 -4.754) (end 4.301 -1.241) (layer F.SilkS) (width 0.12))
    (fp_line (start 4.301 1.241) (end 4.301 4.754) (layer F.SilkS) (width 0.12))
    (fp_line (start 4.341 -4.738) (end 4.341 -1.241) (layer F.SilkS) (width 0.12))
    (fp_line (start 4.341 1.241) (end 4.341 4.738) (layer F.SilkS) (width 0.12))
    (fp_line (start 4.381 -4.723) (end 4.381 -1.241) (layer F.SilkS) (width 0.12))
    (fp_line (start 4.381 1.241) (end 4.381 4.723) (layer F.SilkS) (width 0.12))
    (fp_line (start 4.421 -4.707) (end 4.421 -1.241) (layer F.SilkS) (width 0.12))
    (fp_line (start 4.421 1.241) (end 4.421 4.707) (layer F.SilkS) (width 0.12))
    (fp_line (start 4.461 -4.69) (end 4.461 -1.241) (layer F.SilkS) (width 0.12))
    (fp_line (start 4.461 1.241) (end 4.461 4.69) (layer F.SilkS) (width 0.12))
    (fp_line (start 4.501 -4.674) (end 4.501 -1.241) (layer F.SilkS) (width 0.12))
    (fp_line (start 4.501 1.241) (end 4.501 4.674) (layer F.SilkS) (width 0.12))
    (fp_line (start 4.541 -4.657) (end 4.541 -1.241) (layer F.SilkS) (width 0.12))
    (fp_line (start 4.541 1.241) (end 4.541 4.657) (layer F.SilkS) (width 0.12))
    (fp_line (start 4.581 -4.639) (end 4.581 -1.241) (layer F.SilkS) (width 0.12))
    (fp_line (start 4.581 1.241) (end 4.581 4.639) (layer F.SilkS) (width 0.12))
    (fp_line (start 4.621 -4.621) (end 4.621 -1.241) (layer F.SilkS) (width 0.12))
    (fp_line (start 4.621 1.241) (end 4.621 4.621) (layer F.SilkS) (width 0.12))
    (fp_line (start 4.661 -4.603) (end 4.661 -1.241) (layer F.SilkS) (width 0.12))
    (fp_line (start 4.661 1.241) (end 4.661 4.603) (layer F.SilkS) (width 0.12))
    (fp_line (start 4.701 -4.584) (end 4.701 -1.241) (layer F.SilkS) (width 0.12))
    (fp_line (start 4.701 1.241) (end 4.701 4.584) (layer F.SilkS) (width 0.12))
    (fp_line (start 4.741 -4.564) (end 4.741 -1.241) (layer F.SilkS) (width 0.12))
    (fp_line (start 4.741 1.241) (end 4.741 4.564) (layer F.SilkS) (width 0.12))
    (fp_line (start 4.781 -4.545) (end 4.781 -1.241) (layer F.SilkS) (width 0.12))
    (fp_line (start 4.781 1.241) (end 4.781 4.545) (layer F.SilkS) (width 0.12))
    (fp_line (start 4.821 -4.525) (end 4.821 -1.241) (layer F.SilkS) (width 0.12))
    (fp_line (start 4.821 1.241) (end 4.821 4.525) (layer F.SilkS) (width 0.12))
    (fp_line (start 4.861 -4.504) (end 4.861 -1.241) (layer F.SilkS) (width 0.12))
    (fp_line (start 4.861 1.241) (end 4.861 4.504) (layer F.SilkS) (width 0.12))
    (fp_line (start 4.901 -4.483) (end 4.901 -1.241) (layer F.SilkS) (width 0.12))
    (fp_line (start 4.901 1.241) (end 4.901 4.483) (layer F.SilkS) (width 0.12))
    (fp_line (start 4.941 -4.462) (end 4.941 -1.241) (layer F.SilkS) (width 0.12))
    (fp_line (start 4.941 1.241) (end 4.941 4.462) (layer F.SilkS) (width 0.12))
    (fp_line (start 4.981 -4.44) (end 4.981 -1.241) (layer F.SilkS) (width 0.12))
    (fp_line (start 4.981 1.241) (end 4.981 4.44) (layer F.SilkS) (width 0.12))
    (fp_line (start 5.021 -4.417) (end 5.021 -1.241) (layer F.SilkS) (width 0.12))
    (fp_line (start 5.021 1.241) (end 5.021 4.417) (layer F.SilkS) (width 0.12))
    (fp_line (start 5.061 -4.395) (end 5.061 -1.241) (layer F.SilkS) (width 0.12))
    (fp_line (start 5.061 1.241) (end 5.061 4.395) (layer F.SilkS) (width 0.12))
    (fp_line (start 5.101 -4.371) (end 5.101 -1.241) (layer F.SilkS) (width 0.12))
    (fp_line (start 5.101 1.241) (end 5.101 4.371) (layer F.SilkS) (width 0.12))
    (fp_line (start 5.141 -4.347) (end 5.141 -1.241) (layer F.SilkS) (width 0.12))
    (fp_line (start 5.141 1.241) (end 5.141 4.347) (layer F.SilkS) (width 0.12))
    (fp_line (start 5.181 -4.323) (end 5.181 -1.241) (layer F.SilkS) (width 0.12))
    (fp_line (start 5.181 1.241) (end 5.181 4.323) (layer F.SilkS) (width 0.12))
    (fp_line (start 5.221 -4.298) (end 5.221 -1.241) (layer F.SilkS) (width 0.12))
    (fp_line (start 5.221 1.241) (end 5.221 4.298) (layer F.SilkS) (width 0.12))
    (fp_line (start 5.261 -4.273) (end 5.261 -1.241) (layer F.SilkS) (width 0.12))
    (fp_line (start 5.261 1.241) (end 5.261 4.273) (layer F.SilkS) (width 0.12))
    (fp_line (start 5.301 -4.247) (end 5.301 -1.241) (layer F.SilkS) (width 0.12))
    (fp_line (start 5.301 1.241) (end 5.301 4.247) (layer F.SilkS) (width 0.12))
    (fp_line (start 5.341 -4.221) (end 5.341 -1.241) (layer F.SilkS) (width 0.12))
    (fp_line (start 5.341 1.241) (end 5.341 4.221) (layer F.SilkS) (width 0.12))
    (fp_line (start 5.381 -4.194) (end 5.381 -1.241) (layer F.SilkS) (width 0.12))
    (fp_line (start 5.381 1.241) (end 5.381 4.194) (layer F.SilkS) (width 0.12))
    (fp_line (start 5.421 -4.166) (end 5.421 -1.241) (layer F.SilkS) (width 0.12))
    (fp_line (start 5.421 1.241) (end 5.421 4.166) (layer F.SilkS) (width 0.12))
    (fp_line (start 5.461 -4.138) (end 5.461 -1.241) (layer F.SilkS) (width 0.12))
    (fp_line (start 5.461 1.241) (end 5.461 4.138) (layer F.SilkS) (width 0.12))
    (fp_line (start 5.501 -4.11) (end 5.501 -1.241) (layer F.SilkS) (width 0.12))
    (fp_line (start 5.501 1.241) (end 5.501 4.11) (layer F.SilkS) (width 0.12))
    (fp_line (start 5.541 -4.08) (end 5.541 -1.241) (layer F.SilkS) (width 0.12))
    (fp_line (start 5.541 1.241) (end 5.541 4.08) (layer F.SilkS) (width 0.12))
    (fp_line (start 5.581 -4.05) (end 5.581 -1.241) (layer F.SilkS) (width 0.12))
    (fp_line (start 5.581 1.241) (end 5.581 4.05) (layer F.SilkS) (width 0.12))
    (fp_line (start 5.621 -4.02) (end 5.621 -1.241) (layer F.SilkS) (width 0.12))
    (fp_line (start 5.621 1.241) (end 5.621 4.02) (layer F.SilkS) (width 0.12))
    (fp_line (start 5.661 -3.989) (end 5.661 -1.241) (layer F.SilkS) (width 0.12))
    (fp_line (start 5.661 1.241) (end 5.661 3.989) (layer F.SilkS) (width 0.12))
    (fp_line (start 5.701 -3.957) (end 5.701 -1.241) (layer F.SilkS) (width 0.12))
    (fp_line (start 5.701 1.241) (end 5.701 3.957) (layer F.SilkS) (width 0.12))
    (fp_line (start 5.741 -3.925) (end 5.741 -1.241) (layer F.SilkS) (width 0.12))
    (fp_line (start 5.741 1.241) (end 5.741 3.925) (layer F.SilkS) (width 0.12))
    (fp_line (start 5.781 -3.892) (end 5.781 -1.241) (layer F.SilkS) (width 0.12))
    (fp_line (start 5.781 1.241) (end 5.781 3.892) (layer F.SilkS) (width 0.12))
    (fp_line (start 5.821 -3.858) (end 5.821 -1.241) (layer F.SilkS) (width 0.12))
    (fp_line (start 5.821 1.241) (end 5.821 3.858) (layer F.SilkS) (width 0.12))
    (fp_line (start 5.861 -3.824) (end 5.861 -1.241) (layer F.SilkS) (width 0.12))
    (fp_line (start 5.861 1.241) (end 5.861 3.824) (layer F.SilkS) (width 0.12))
    (fp_line (start 5.901 -3.789) (end 5.901 -1.241) (layer F.SilkS) (width 0.12))
    (fp_line (start 5.901 1.241) (end 5.901 3.789) (layer F.SilkS) (width 0.12))
    (fp_line (start 5.941 -3.753) (end 5.941 -1.241) (layer F.SilkS) (width 0.12))
    (fp_line (start 5.941 1.241) (end 5.941 3.753) (layer F.SilkS) (width 0.12))
    (fp_line (start 5.981 -3.716) (end 5.981 -1.241) (layer F.SilkS) (width 0.12))
    (fp_line (start 5.981 1.241) (end 5.981 3.716) (layer F.SilkS) (width 0.12))
    (fp_line (start 6.021 -3.679) (end 6.021 -1.241) (layer F.SilkS) (width 0.12))
    (fp_line (start 6.021 1.241) (end 6.021 3.679) (layer F.SilkS) (width 0.12))
    (fp_line (start 6.061 -3.64) (end 6.061 -1.241) (layer F.SilkS) (width 0.12))
    (fp_line (start 6.061 1.241) (end 6.061 3.64) (layer F.SilkS) (width 0.12))
    (fp_line (start 6.101 -3.601) (end 6.101 -1.241) (layer F.SilkS) (width 0.12))
    (fp_line (start 6.101 1.241) (end 6.101 3.601) (layer F.SilkS) (width 0.12))
    (fp_line (start 6.141 -3.561) (end 6.141 -1.241) (layer F.SilkS) (width 0.12))
    (fp_line (start 6.141 1.241) (end 6.141 3.561) (layer F.SilkS) (width 0.12))
    (fp_line (start 6.181 -3.52) (end 6.181 -1.241) (layer F.SilkS) (width 0.12))
    (fp_line (start 6.181 1.241) (end 6.181 3.52) (layer F.SilkS) (width 0.12))
    (fp_line (start 6.221 -3.478) (end 6.221 -1.241) (layer F.SilkS) (width 0.12))
    (fp_line (start 6.221 1.241) (end 6.221 3.478) (layer F.SilkS) (width 0.12))
    (fp_line (start 6.261 -3.436) (end 6.261 3.436) (layer F.SilkS) (width 0.12))
    (fp_line (start 6.301 -3.392) (end 6.301 3.392) (layer F.SilkS) (width 0.12))
    (fp_line (start 6.341 -3.347) (end 6.341 3.347) (layer F.SilkS) (width 0.12))
    (fp_line (start 6.381 -3.301) (end 6.381 3.301) (layer F.SilkS) (width 0.12))
    (fp_line (start 6.421 -3.254) (end 6.421 3.254) (layer F.SilkS) (width 0.12))
    (fp_line (start 6.461 -3.206) (end 6.461 3.206) (layer F.SilkS) (width 0.12))
    (fp_line (start 6.501 -3.156) (end 6.501 3.156) (layer F.SilkS) (width 0.12))
    (fp_line (start 6.541 -3.106) (end 6.541 3.106) (layer F.SilkS) (width 0.12))
    (fp_line (start 6.581 -3.054) (end 6.581 3.054) (layer F.SilkS) (width 0.12))
    (fp_line (start 6.621 -3) (end 6.621 3) (layer F.SilkS) (width 0.12))
    (fp_line (start 6.661 -2.945) (end 6.661 2.945) (layer F.SilkS) (width 0.12))
    (fp_line (start 6.701 -2.889) (end 6.701 2.889) (layer F.SilkS) (width 0.12))
    (fp_line (start 6.741 -2.83) (end 6.741 2.83) (layer F.SilkS) (width 0.12))
    (fp_line (start 6.781 -2.77) (end 6.781 2.77) (layer F.SilkS) (width 0.12))
    (fp_line (start 6.821 -2.709) (end 6.821 2.709) (layer F.SilkS) (width 0.12))
    (fp_line (start 6.861 -2.645) (end 6.861 2.645) (layer F.SilkS) (width 0.12))
    (fp_line (start 6.901 -2.579) (end 6.901 2.579) (layer F.SilkS) (width 0.12))
    (fp_line (start 6.941 -2.51) (end 6.941 2.51) (layer F.SilkS) (width 0.12))
    (fp_line (start 6.981 -2.439) (end 6.981 2.439) (layer F.SilkS) (width 0.12))
    (fp_line (start 7.021 -2.365) (end 7.021 2.365) (layer F.SilkS) (width 0.12))
    (fp_line (start 7.061 -2.289) (end 7.061 2.289) (layer F.SilkS) (width 0.12))
    (fp_line (start 7.101 -2.209) (end 7.101 2.209) (layer F.SilkS) (width 0.12))
    (fp_line (start 7.141 -2.125) (end 7.141 2.125) (layer F.SilkS) (width 0.12))
    (fp_line (start 7.181 -2.037) (end 7.181 2.037) (layer F.SilkS) (width 0.12))
    (fp_line (start 7.221 -1.944) (end 7.221 1.944) (layer F.SilkS) (width 0.12))
    (fp_line (start 7.261 -1.846) (end 7.261 1.846) (layer F.SilkS) (width 0.12))
    (fp_line (start 7.301 -1.742) (end 7.301 1.742) (layer F.SilkS) (width 0.12))
    (fp_line (start 7.341 -1.63) (end 7.341 1.63) (layer F.SilkS) (width 0.12))
    (fp_line (start 7.381 -1.51) (end 7.381 1.51) (layer F.SilkS) (width 0.12))
    (fp_line (start 7.421 -1.378) (end 7.421 1.378) (layer F.SilkS) (width 0.12))
    (fp_line (start 7.461 -1.23) (end 7.461 1.23) (layer F.SilkS) (width 0.12))
    (fp_line (start 7.501 -1.062) (end 7.501 1.062) (layer F.SilkS) (width 0.12))
    (fp_line (start 7.541 -0.862) (end 7.541 0.862) (layer F.SilkS) (width 0.12))
    (fp_line (start 7.581 -0.599) (end 7.581 0.599) (layer F.SilkS) (width 0.12))
    (fp_line (start -2.979646 -2.875) (end -1.979646 -2.875) (layer F.SilkS) (width 0.12))
    (fp_line (start -2.479646 -3.375) (end -2.479646 -2.375) (layer F.SilkS) (width 0.12))
    (fp_text user %R (at 2.5 0) (layer F.Fab)
      (effects (font (size 1 1) (thickness 0.15)))
    )
    (pad 1 thru_hole rect (at 0 0) (size 2 2) (drill 1) (layers *.Cu *.Mask)
      (net 1 Vin-Pos19))
    (pad 2 thru_hole circle (at 5 0) (size 2 2) (drill 1) (layers *.Cu *.Mask)
      (net 2 Vin-Neg19))
    (model ${KISYS3DMOD}/Capacitor_THT.3dshapes/CP_Radial_D10.0mm_P5.00mm.wrl
      (at (xyz 0 0 0))
      (scale (xyz 1 1 1))
      (rotate (xyz 0 0 0))
    )
  )

  (module Capacitor_SMD:C_0805_2012Metric_Pad1.15x1.40mm_HandSolder (layer F.Cu) (tedit 5B36C52B) (tstamp 5C7F0BE6)
    (at 293.465001 125.975001)
    (descr "Capacitor SMD 0805 (2012 Metric), square (rectangular) end terminal, IPC_7351 nominal with elongated pad for handsoldering. (Body size source: https://docs.google.com/spreadsheets/d/1BsfQQcO9C6DZCsRaXUlFlo91Tg2WpOkGARC1WS5S8t0/edit?usp=sharing), generated with kicad-footprint-generator")
    (tags "capacitor handsolder")
    (path /5D970210)
    (attr smd)
    (fp_text reference C102 (at 0 -1.65) (layer F.SilkS)
      (effects (font (size 1 1) (thickness 0.15)))
    )
    (fp_text value 100n (at 0 1.65) (layer F.Fab)
      (effects (font (size 1 1) (thickness 0.15)))
    )
    (fp_text user %R (at 0 0) (layer F.Fab)
      (effects (font (size 0.5 0.5) (thickness 0.08)))
    )
    (fp_line (start 1.85 0.95) (end -1.85 0.95) (layer F.CrtYd) (width 0.05))
    (fp_line (start 1.85 -0.95) (end 1.85 0.95) (layer F.CrtYd) (width 0.05))
    (fp_line (start -1.85 -0.95) (end 1.85 -0.95) (layer F.CrtYd) (width 0.05))
    (fp_line (start -1.85 0.95) (end -1.85 -0.95) (layer F.CrtYd) (width 0.05))
    (fp_line (start -0.261252 0.71) (end 0.261252 0.71) (layer F.SilkS) (width 0.12))
    (fp_line (start -0.261252 -0.71) (end 0.261252 -0.71) (layer F.SilkS) (width 0.12))
    (fp_line (start 1 0.6) (end -1 0.6) (layer F.Fab) (width 0.1))
    (fp_line (start 1 -0.6) (end 1 0.6) (layer F.Fab) (width 0.1))
    (fp_line (start -1 -0.6) (end 1 -0.6) (layer F.Fab) (width 0.1))
    (fp_line (start -1 0.6) (end -1 -0.6) (layer F.Fab) (width 0.1))
    (pad 2 smd roundrect (at 1.025 0) (size 1.15 1.4) (layers F.Cu F.Paste F.Mask) (roundrect_rratio 0.217391)
      (net 3 +12V))
    (pad 1 smd roundrect (at -1.025 0) (size 1.15 1.4) (layers F.Cu F.Paste F.Mask) (roundrect_rratio 0.217391)
      (net 4 GND))
    (model ${KISYS3DMOD}/Capacitor_SMD.3dshapes/C_0805_2012Metric.wrl
      (at (xyz 0 0 0))
      (scale (xyz 1 1 1))
      (rotate (xyz 0 0 0))
    )
  )

  (module Capacitor_SMD:C_0805_2012Metric_Pad1.15x1.40mm_HandSolder (layer F.Cu) (tedit 5B36C52B) (tstamp 5C7F0BF7)
    (at 259.075001 149.305001)
    (descr "Capacitor SMD 0805 (2012 Metric), square (rectangular) end terminal, IPC_7351 nominal with elongated pad for handsoldering. (Body size source: https://docs.google.com/spreadsheets/d/1BsfQQcO9C6DZCsRaXUlFlo91Tg2WpOkGARC1WS5S8t0/edit?usp=sharing), generated with kicad-footprint-generator")
    (tags "capacitor handsolder")
    (path /5DB1BCF1)
    (attr smd)
    (fp_text reference C103 (at 0 -1.65) (layer F.SilkS)
      (effects (font (size 1 1) (thickness 0.15)))
    )
    (fp_text value 100n (at 0 1.65) (layer F.Fab)
      (effects (font (size 1 1) (thickness 0.15)))
    )
    (fp_line (start -1 0.6) (end -1 -0.6) (layer F.Fab) (width 0.1))
    (fp_line (start -1 -0.6) (end 1 -0.6) (layer F.Fab) (width 0.1))
    (fp_line (start 1 -0.6) (end 1 0.6) (layer F.Fab) (width 0.1))
    (fp_line (start 1 0.6) (end -1 0.6) (layer F.Fab) (width 0.1))
    (fp_line (start -0.261252 -0.71) (end 0.261252 -0.71) (layer F.SilkS) (width 0.12))
    (fp_line (start -0.261252 0.71) (end 0.261252 0.71) (layer F.SilkS) (width 0.12))
    (fp_line (start -1.85 0.95) (end -1.85 -0.95) (layer F.CrtYd) (width 0.05))
    (fp_line (start -1.85 -0.95) (end 1.85 -0.95) (layer F.CrtYd) (width 0.05))
    (fp_line (start 1.85 -0.95) (end 1.85 0.95) (layer F.CrtYd) (width 0.05))
    (fp_line (start 1.85 0.95) (end -1.85 0.95) (layer F.CrtYd) (width 0.05))
    (fp_text user %R (at 0 0) (layer F.Fab)
      (effects (font (size 0.5 0.5) (thickness 0.08)))
    )
    (pad 1 smd roundrect (at -1.025 0) (size 1.15 1.4) (layers F.Cu F.Paste F.Mask) (roundrect_rratio 0.217391)
      (net 4 GND))
    (pad 2 smd roundrect (at 1.025 0) (size 1.15 1.4) (layers F.Cu F.Paste F.Mask) (roundrect_rratio 0.217391)
      (net 3 +12V))
    (model ${KISYS3DMOD}/Capacitor_SMD.3dshapes/C_0805_2012Metric.wrl
      (at (xyz 0 0 0))
      (scale (xyz 1 1 1))
      (rotate (xyz 0 0 0))
    )
  )

  (module Capacitor_SMD:C_0805_2012Metric_Pad1.15x1.40mm_HandSolder (layer F.Cu) (tedit 5B36C52B) (tstamp 5C7F0C08)
    (at 259.465001 126.345001)
    (descr "Capacitor SMD 0805 (2012 Metric), square (rectangular) end terminal, IPC_7351 nominal with elongated pad for handsoldering. (Body size source: https://docs.google.com/spreadsheets/d/1BsfQQcO9C6DZCsRaXUlFlo91Tg2WpOkGARC1WS5S8t0/edit?usp=sharing), generated with kicad-footprint-generator")
    (tags "capacitor handsolder")
    (path /5DB52911)
    (attr smd)
    (fp_text reference C104 (at 0 -1.65) (layer F.SilkS)
      (effects (font (size 1 1) (thickness 0.15)))
    )
    (fp_text value 100n (at 0 1.65) (layer F.Fab)
      (effects (font (size 1 1) (thickness 0.15)))
    )
    (fp_line (start -1 0.6) (end -1 -0.6) (layer F.Fab) (width 0.1))
    (fp_line (start -1 -0.6) (end 1 -0.6) (layer F.Fab) (width 0.1))
    (fp_line (start 1 -0.6) (end 1 0.6) (layer F.Fab) (width 0.1))
    (fp_line (start 1 0.6) (end -1 0.6) (layer F.Fab) (width 0.1))
    (fp_line (start -0.261252 -0.71) (end 0.261252 -0.71) (layer F.SilkS) (width 0.12))
    (fp_line (start -0.261252 0.71) (end 0.261252 0.71) (layer F.SilkS) (width 0.12))
    (fp_line (start -1.85 0.95) (end -1.85 -0.95) (layer F.CrtYd) (width 0.05))
    (fp_line (start -1.85 -0.95) (end 1.85 -0.95) (layer F.CrtYd) (width 0.05))
    (fp_line (start 1.85 -0.95) (end 1.85 0.95) (layer F.CrtYd) (width 0.05))
    (fp_line (start 1.85 0.95) (end -1.85 0.95) (layer F.CrtYd) (width 0.05))
    (fp_text user %R (at 0 0) (layer F.Fab)
      (effects (font (size 0.5 0.5) (thickness 0.08)))
    )
    (pad 1 smd roundrect (at -1.025 0) (size 1.15 1.4) (layers F.Cu F.Paste F.Mask) (roundrect_rratio 0.217391)
      (net 4 GND))
    (pad 2 smd roundrect (at 1.025 0) (size 1.15 1.4) (layers F.Cu F.Paste F.Mask) (roundrect_rratio 0.217391)
      (net 3 +12V))
    (model ${KISYS3DMOD}/Capacitor_SMD.3dshapes/C_0805_2012Metric.wrl
      (at (xyz 0 0 0))
      (scale (xyz 1 1 1))
      (rotate (xyz 0 0 0))
    )
  )

  (module Capacitor_SMD:C_0805_2012Metric_Pad1.15x1.40mm_HandSolder (layer F.Cu) (tedit 5B36C52B) (tstamp 5C7F0C19)
    (at 297.215001 124.025001)
    (descr "Capacitor SMD 0805 (2012 Metric), square (rectangular) end terminal, IPC_7351 nominal with elongated pad for handsoldering. (Body size source: https://docs.google.com/spreadsheets/d/1BsfQQcO9C6DZCsRaXUlFlo91Tg2WpOkGARC1WS5S8t0/edit?usp=sharing), generated with kicad-footprint-generator")
    (tags "capacitor handsolder")
    (path /5DB89EF0)
    (attr smd)
    (fp_text reference C105 (at 0 -1.65) (layer F.SilkS)
      (effects (font (size 1 1) (thickness 0.15)))
    )
    (fp_text value 100n (at 0 1.65) (layer F.Fab)
      (effects (font (size 1 1) (thickness 0.15)))
    )
    (fp_line (start -1 0.6) (end -1 -0.6) (layer F.Fab) (width 0.1))
    (fp_line (start -1 -0.6) (end 1 -0.6) (layer F.Fab) (width 0.1))
    (fp_line (start 1 -0.6) (end 1 0.6) (layer F.Fab) (width 0.1))
    (fp_line (start 1 0.6) (end -1 0.6) (layer F.Fab) (width 0.1))
    (fp_line (start -0.261252 -0.71) (end 0.261252 -0.71) (layer F.SilkS) (width 0.12))
    (fp_line (start -0.261252 0.71) (end 0.261252 0.71) (layer F.SilkS) (width 0.12))
    (fp_line (start -1.85 0.95) (end -1.85 -0.95) (layer F.CrtYd) (width 0.05))
    (fp_line (start -1.85 -0.95) (end 1.85 -0.95) (layer F.CrtYd) (width 0.05))
    (fp_line (start 1.85 -0.95) (end 1.85 0.95) (layer F.CrtYd) (width 0.05))
    (fp_line (start 1.85 0.95) (end -1.85 0.95) (layer F.CrtYd) (width 0.05))
    (fp_text user %R (at 0 0) (layer F.Fab)
      (effects (font (size 0.5 0.5) (thickness 0.08)))
    )
    (pad 1 smd roundrect (at -1.025 0) (size 1.15 1.4) (layers F.Cu F.Paste F.Mask) (roundrect_rratio 0.217391)
      (net 4 GND))
    (pad 2 smd roundrect (at 1.025 0) (size 1.15 1.4) (layers F.Cu F.Paste F.Mask) (roundrect_rratio 0.217391)
      (net 3 +12V))
    (model ${KISYS3DMOD}/Capacitor_SMD.3dshapes/C_0805_2012Metric.wrl
      (at (xyz 0 0 0))
      (scale (xyz 1 1 1))
      (rotate (xyz 0 0 0))
    )
  )

  (module Capacitor_SMD:C_0805_2012Metric_Pad1.15x1.40mm_HandSolder (layer F.Cu) (tedit 5B36C52B) (tstamp 5C7F0C2A)
    (at 302.625001 117.585001)
    (descr "Capacitor SMD 0805 (2012 Metric), square (rectangular) end terminal, IPC_7351 nominal with elongated pad for handsoldering. (Body size source: https://docs.google.com/spreadsheets/d/1BsfQQcO9C6DZCsRaXUlFlo91Tg2WpOkGARC1WS5S8t0/edit?usp=sharing), generated with kicad-footprint-generator")
    (tags "capacitor handsolder")
    (path /5DBC1F20)
    (attr smd)
    (fp_text reference C106 (at 0 -1.65) (layer F.SilkS)
      (effects (font (size 1 1) (thickness 0.15)))
    )
    (fp_text value 100n (at 0 1.65) (layer F.Fab)
      (effects (font (size 1 1) (thickness 0.15)))
    )
    (fp_line (start -1 0.6) (end -1 -0.6) (layer F.Fab) (width 0.1))
    (fp_line (start -1 -0.6) (end 1 -0.6) (layer F.Fab) (width 0.1))
    (fp_line (start 1 -0.6) (end 1 0.6) (layer F.Fab) (width 0.1))
    (fp_line (start 1 0.6) (end -1 0.6) (layer F.Fab) (width 0.1))
    (fp_line (start -0.261252 -0.71) (end 0.261252 -0.71) (layer F.SilkS) (width 0.12))
    (fp_line (start -0.261252 0.71) (end 0.261252 0.71) (layer F.SilkS) (width 0.12))
    (fp_line (start -1.85 0.95) (end -1.85 -0.95) (layer F.CrtYd) (width 0.05))
    (fp_line (start -1.85 -0.95) (end 1.85 -0.95) (layer F.CrtYd) (width 0.05))
    (fp_line (start 1.85 -0.95) (end 1.85 0.95) (layer F.CrtYd) (width 0.05))
    (fp_line (start 1.85 0.95) (end -1.85 0.95) (layer F.CrtYd) (width 0.05))
    (fp_text user %R (at 0 0) (layer F.Fab)
      (effects (font (size 0.5 0.5) (thickness 0.08)))
    )
    (pad 1 smd roundrect (at -1.025 0) (size 1.15 1.4) (layers F.Cu F.Paste F.Mask) (roundrect_rratio 0.217391)
      (net 4 GND))
    (pad 2 smd roundrect (at 1.025 0) (size 1.15 1.4) (layers F.Cu F.Paste F.Mask) (roundrect_rratio 0.217391)
      (net 3 +12V))
    (model ${KISYS3DMOD}/Capacitor_SMD.3dshapes/C_0805_2012Metric.wrl
      (at (xyz 0 0 0))
      (scale (xyz 1 1 1))
      (rotate (xyz 0 0 0))
    )
  )

  (module Capacitor_SMD:C_0805_2012Metric_Pad1.15x1.40mm_HandSolder (layer F.Cu) (tedit 5B36C52B) (tstamp 5C7F0C3B)
    (at 276.155001 143.785001)
    (descr "Capacitor SMD 0805 (2012 Metric), square (rectangular) end terminal, IPC_7351 nominal with elongated pad for handsoldering. (Body size source: https://docs.google.com/spreadsheets/d/1BsfQQcO9C6DZCsRaXUlFlo91Tg2WpOkGARC1WS5S8t0/edit?usp=sharing), generated with kicad-footprint-generator")
    (tags "capacitor handsolder")
    (path /5DBFAB21)
    (attr smd)
    (fp_text reference C107 (at 0 -1.65) (layer F.SilkS)
      (effects (font (size 1 1) (thickness 0.15)))
    )
    (fp_text value 100n (at 0 1.65) (layer F.Fab)
      (effects (font (size 1 1) (thickness 0.15)))
    )
    (fp_line (start -1 0.6) (end -1 -0.6) (layer F.Fab) (width 0.1))
    (fp_line (start -1 -0.6) (end 1 -0.6) (layer F.Fab) (width 0.1))
    (fp_line (start 1 -0.6) (end 1 0.6) (layer F.Fab) (width 0.1))
    (fp_line (start 1 0.6) (end -1 0.6) (layer F.Fab) (width 0.1))
    (fp_line (start -0.261252 -0.71) (end 0.261252 -0.71) (layer F.SilkS) (width 0.12))
    (fp_line (start -0.261252 0.71) (end 0.261252 0.71) (layer F.SilkS) (width 0.12))
    (fp_line (start -1.85 0.95) (end -1.85 -0.95) (layer F.CrtYd) (width 0.05))
    (fp_line (start -1.85 -0.95) (end 1.85 -0.95) (layer F.CrtYd) (width 0.05))
    (fp_line (start 1.85 -0.95) (end 1.85 0.95) (layer F.CrtYd) (width 0.05))
    (fp_line (start 1.85 0.95) (end -1.85 0.95) (layer F.CrtYd) (width 0.05))
    (fp_text user %R (at 0 0) (layer F.Fab)
      (effects (font (size 0.5 0.5) (thickness 0.08)))
    )
    (pad 1 smd roundrect (at -1.025 0) (size 1.15 1.4) (layers F.Cu F.Paste F.Mask) (roundrect_rratio 0.217391)
      (net 4 GND))
    (pad 2 smd roundrect (at 1.025 0) (size 1.15 1.4) (layers F.Cu F.Paste F.Mask) (roundrect_rratio 0.217391)
      (net 3 +12V))
    (model ${KISYS3DMOD}/Capacitor_SMD.3dshapes/C_0805_2012Metric.wrl
      (at (xyz 0 0 0))
      (scale (xyz 1 1 1))
      (rotate (xyz 0 0 0))
    )
  )

  (module Capacitor_SMD:C_0805_2012Metric_Pad1.15x1.40mm_HandSolder (layer F.Cu) (tedit 5B36C52B) (tstamp 5C7F0C4C)
    (at 305.375001 112.985001)
    (descr "Capacitor SMD 0805 (2012 Metric), square (rectangular) end terminal, IPC_7351 nominal with elongated pad for handsoldering. (Body size source: https://docs.google.com/spreadsheets/d/1BsfQQcO9C6DZCsRaXUlFlo91Tg2WpOkGARC1WS5S8t0/edit?usp=sharing), generated with kicad-footprint-generator")
    (tags "capacitor handsolder")
    (path /5DBFAB31)
    (attr smd)
    (fp_text reference C108 (at 0 -1.65) (layer F.SilkS)
      (effects (font (size 1 1) (thickness 0.15)))
    )
    (fp_text value 100n (at 0 1.65) (layer F.Fab)
      (effects (font (size 1 1) (thickness 0.15)))
    )
    (fp_line (start -1 0.6) (end -1 -0.6) (layer F.Fab) (width 0.1))
    (fp_line (start -1 -0.6) (end 1 -0.6) (layer F.Fab) (width 0.1))
    (fp_line (start 1 -0.6) (end 1 0.6) (layer F.Fab) (width 0.1))
    (fp_line (start 1 0.6) (end -1 0.6) (layer F.Fab) (width 0.1))
    (fp_line (start -0.261252 -0.71) (end 0.261252 -0.71) (layer F.SilkS) (width 0.12))
    (fp_line (start -0.261252 0.71) (end 0.261252 0.71) (layer F.SilkS) (width 0.12))
    (fp_line (start -1.85 0.95) (end -1.85 -0.95) (layer F.CrtYd) (width 0.05))
    (fp_line (start -1.85 -0.95) (end 1.85 -0.95) (layer F.CrtYd) (width 0.05))
    (fp_line (start 1.85 -0.95) (end 1.85 0.95) (layer F.CrtYd) (width 0.05))
    (fp_line (start 1.85 0.95) (end -1.85 0.95) (layer F.CrtYd) (width 0.05))
    (fp_text user %R (at 0 0) (layer F.Fab)
      (effects (font (size 0.5 0.5) (thickness 0.08)))
    )
    (pad 1 smd roundrect (at -1.025 0) (size 1.15 1.4) (layers F.Cu F.Paste F.Mask) (roundrect_rratio 0.217391)
      (net 4 GND))
    (pad 2 smd roundrect (at 1.025 0) (size 1.15 1.4) (layers F.Cu F.Paste F.Mask) (roundrect_rratio 0.217391)
      (net 3 +12V))
    (model ${KISYS3DMOD}/Capacitor_SMD.3dshapes/C_0805_2012Metric.wrl
      (at (xyz 0 0 0))
      (scale (xyz 1 1 1))
      (rotate (xyz 0 0 0))
    )
  )

  (module Capacitor_SMD:C_0805_2012Metric_Pad1.15x1.40mm_HandSolder (layer F.Cu) (tedit 5B36C52B) (tstamp 5C7F0C5D)
    (at 279.905001 139.885001)
    (descr "Capacitor SMD 0805 (2012 Metric), square (rectangular) end terminal, IPC_7351 nominal with elongated pad for handsoldering. (Body size source: https://docs.google.com/spreadsheets/d/1BsfQQcO9C6DZCsRaXUlFlo91Tg2WpOkGARC1WS5S8t0/edit?usp=sharing), generated with kicad-footprint-generator")
    (tags "capacitor handsolder")
    (path /5DBFAB41)
    (attr smd)
    (fp_text reference C109 (at 0 -1.65) (layer F.SilkS)
      (effects (font (size 1 1) (thickness 0.15)))
    )
    (fp_text value 100n (at 0 1.65) (layer F.Fab)
      (effects (font (size 1 1) (thickness 0.15)))
    )
    (fp_text user %R (at 0 0) (layer F.Fab)
      (effects (font (size 0.5 0.5) (thickness 0.08)))
    )
    (fp_line (start 1.85 0.95) (end -1.85 0.95) (layer F.CrtYd) (width 0.05))
